 466001 19 20 20 14 16 15 12 0.56 0.6956521739130435 0.6 0.46153846153846156
 466002 19 18 20 15 16 16 13 0.6818181818181818 0.6956521739130435 0.7272727272727273 0.5652173913043478
 466003 19 19 20 15 16 16 13 0.6521739130434783 0.6956521739130435 0.6956521739130435 0.5416666666666666
 466004 20 19 20 16 16 16 13 0.6956521739130435 0.6666666666666666 0.6956521739130435 0.5416666666666666
 466005 19 18 20 15 16 16 12 0.6818181818181818 0.6956521739130435 0.7272727272727273 0.5454545454545454
 466006 19 18 20 15 16 16 12 0.6818181818181818 0.6956521739130435 0.7272727272727273 0.5454545454545454
 466007 19 18 21 15 16 16 13 0.6818181818181818 0.6666666666666666 0.6956521739130435 0.5416666666666666
 466008 19 18 20 15 16 16 13 0.6818181818181818 0.6956521739130435 0.7272727272727273 0.5652173913043478
 466009 19 18 20 15 15 15 12 0.6818181818181818 0.625 0.6521739130434783 0.5
 466010 19 18 20 15 16 16 12 0.6818181818181818 0.6956521739130435 0.7272727272727273 0.5454545454545454
 466011 21 18 20 14 15 16 12 0.56 0.5769230769230769 0.7272727272727273 0.46153846153846156
 466012 21 19 20 14 15 16 12 0.5384615384615384 0.5769230769230769 0.6956521739130435 0.4444444444444444
 466013 19 18 20 15 16 16 12 0.6818181818181818 0.6956521739130435 0.7272727272727273 0.5454545454545454
 466014 19 18 20 14 16 16 13 0.6086956521739131 0.6956521739130435 0.7272727272727273 0.5416666666666666
 466015 19 19 20 15 16 16 12 0.6521739130434783 0.6956521739130435 0.6956521739130435 0.5217391304347826
 466016 19 17 19 14 16 14 11 0.6363636363636364 0.7272727272727273 0.6363636363636364 0.5
 466017 19 18 20 15 16 16 12 0.6818181818181818 0.6956521739130435 0.7272727272727273 0.5454545454545454
 466018 18 17 19 14 15 15 12 0.6666666666666666 0.6818181818181818 0.7142857142857143 0.5454545454545454
 466019 19 18 20 15 16 16 13 0.6818181818181818 0.6956521739130435 0.7272727272727273 0.5652173913043478
 466020 20 18 21 14 17 15 12 0.5833333333333334 0.7083333333333334 0.625 0.48
